-0.021614 -0.025936
3.494619 11.425183
7.002540 22.408153
10.579978 33.891504
14.003174 45.226817
17.572336 56.633803
21.132997 67.690733
24.415052 78.694977
28.047398 90.168108
31.493751 101.024177
35.035800 111.828393
38.368270 123.057164
41.994825 133.808913
45.357717 144.661247
48.843789 155.147116
52.223791 165.681633
55.143683 176.310747
58.782549 186.918136
62.387057 196.874631
65.765402 207.057645
68.958775 217.188130
72.303978 227.247146
75.678539 236.931126
78.956271 246.561248
82.019965 255.843747
85.277193 265.333819
88.521506 274.757319
91.624360 283.225548
95.026900 292.417534
98.127267 300.969176
101.379837 309.290286
104.040899 317.501735
107.459032 325.454411
110.355508 333.606480
113.309493 341.378712
116.421640 349.120391
119.375929 355.979494
122.117196 363.038156
125.232379 369.959856
127.936052 376.826180
130.663563 383.122660
133.289299 389.238573
136.241158 395.476343
139.233105 401.200716
141.787526 406.792534
144.571311 412.237606
147.075556 417.058902
149.761139 422.143782
152.365657 426.726023
154.995069 431.087227
157.425728 435.334607
159.557863 439.089347
162.024772 443.177850
164.545335 446.537551
166.405042 449.774731
169.146223 452.583534
171.232850 455.427954
173.812325 457.797123
175.678441 460.452224
177.826970 462.252230
180.022009 463.946994
182.115882 465.546728
184.253270 467.093743
186.462633 468.272241
188.286631 468.945055
189.987172 469.875042
192.153172 470.038255
193.887907 470.623094
195.779623 470.667983
197.330077 470.295082
198.870258 470.003225
200.726660 469.668988
202.324596 468.600738
203.804854 467.478192
205.666691 466.447599
207.395671 464.909257
208.525713 463.385676
210.249908 461.605126
211.510924 459.733178
213.037659 457.521643
214.589368 455.187690
215.780691 452.929532
217.079818 449.907890
218.332141 447.360524
219.572231 444.246899
220.940340 440.973021
221.676533 437.831010
223.113023 434.291446
224.321318 430.936043
225.123112 427.256002
226.294845 423.165750
227.414899 419.473476
228.229276 415.538490
229.380448 411.246623
230.306161 407.257869
231.051465 402.840036
232.045107 398.710869
232.626455 393.979968
233.696470 389.287903
234.840489 384.657384
235.681226 379.882521
236.165253 375.105793
236.755203 370.365752
237.541884 365.516074
237.974120 360.873730
238.951390 355.886764
239.493734 350.691435
240.770540 345.515513
240.705996 340.544507
241.620015 335.698959
242.346782 330.518674
242.503093 325.453818
243.506681 320.556081
243.592237 315.459121
244.649457 310.778111
245.067678 305.522422
245.331751 300.394057
246.050768 295.673552
246.649233 290.642189
246.901353 285.756635
247.406946 281.177853
247.735351 276.293067
248.647681 271.891671
249.086155 267.197270
249.509081 262.387213
249.960407 258.252427
250.703454 253.697993
251.547690 249.303008
251.637060 245.122577
252.009566 241.282092
252.771613 236.676527
252.993302 232.999796
253.684241 228.883301
253.748685 225.054021
254.604316 221.686592
255.203369 218.059551
255.514124 214.458292
256.303800 211.520638
256.971438 208.406416
257.374260 205.434619
257.976003 202.201614
258.526065 199.407736
258.901971 196.841793
259.902852 194.216837
260.413553 191.911328
261.450993 189.578641
261.808565 187.335733
262.584740 185.221536
263.306969 183.543351
264.353881 181.935421
265.005363 180.083986
265.746262 178.554661
266.511282 177.460757
267.192190 176.507909
268.259602 174.870077
269.150170 174.178858
269.986295 173.530700
270.990303 172.511411
271.731067 172.424224
273.101194 172.218285
274.206428 171.381055
275.110671 171.289083
276.326537 171.630540
277.033100 172.037029
278.451738 171.719827
279.581657 172.284516
280.768972 172.835443
282.205587 173.320564
283.327580 174.550107
284.469911 175.165715
285.972255 175.995990
287.421566 177.185342
288.600065 178.609108
290.312810 179.592969
291.586543 180.869202
293.390525 182.425546
294.834804 183.968462
296.454801 185.611282
298.110071 187.313540
299.790020 189.229753
301.355326 190.858957
302.976367 192.802504
304.751774 195.031245
306.712155 197.182022
308.918492 199.047850
310.239678 201.132403
312.393776 203.154481
314.338655 205.646588
316.316437 207.746628
318.318627 210.415591
320.493522 212.330888
322.584449 214.923092
324.698406 217.188184
327.108726 219.570230
329.445517 221.717775
331.678929 224.018942
333.760260 226.644322
336.290889 228.776234
338.373464 231.149590
340.878871 233.189016
343.333802 235.594092
345.606517 237.802434
348.480153 239.807957
351.174410 242.085225
353.527786 243.935901
356.357535 245.791396
358.872179 247.840581
361.635216 249.811922
364.366325 251.718680
367.164034 253.187236
369.749674 254.941330
372.843956 256.556543
375.517475 257.750884
378.516530 259.038813
381.452949 259.991822
384.530927 261.431111
387.561665 262.636924
390.357670 263.137903
393.448269 264.151314
396.255612 264.517788
399.389696 264.506461
402.428063 264.994719
406.037542 265.235325
409.013478 265.205876
412.333317 265.077210
415.656314 264.799099
418.583081 264.511818
421.962013 264.088697
425.257435 262.908259
428.456148 262.047571
431.968714 261.061640
435.179909 259.828696
438.473659 258.192838
441.951562 256.775751
445.296715 254.642956
448.556322 252.761073
452.040523 250.483758
455.271777 248.172262
458.797548 245.290568
462.607509 242.404641
465.898331 239.618483
469.231215 236.615026
473.084856 232.726803
476.129089 229.554652
479.643799 225.587294
483.356975 221.762419
486.806870 217.486629
490.230242 213.280522
493.781473 208.552728
497.289714 203.733952
500.852642 198.711557
504.236967 193.675745
508.111114 188.216488
511.516683 182.733974
515.050754 176.887863
518.444066 171.013431
521.918223 164.588307
525.401200 158.112705
528.879574 151.932656
532.540868 145.183428
535.960946 138.268628
539.124774 130.985526
542.578801 123.744238
546.253765 116.496383
549.666279 108.946555
553.146038 101.335626
556.287115 93.213111
559.683381 84.929066
563.228011 77.112833
566.472358 68.471104
569.965873 59.656457
573.139254 51.349753
576.318052 42.718542
579.820176 33.518359
582.911479 24.418082
586.075828 15.074820
589.565269 6.101149
592.660338 -3.654909
596.011036 -12.739659
598.860640 -22.820950
601.810501 -32.368241
604.885359 -42.273190
608.240581 -52.416587
611.405578 -61.957571
613.918403 -72.480087
617.031881 -82.565468
619.975833 -93.001781
622.892056 -102.602704
625.639242 -113.220944
628.432502 -123.432943
631.439665 -133.621569
634.289798 -144.381210
637.093918 -154.836071
639.529905 -165.164945
642.390361 -175.643994
645.124633 -186.206016
647.748795 -196.324354
650.101766 -206.768116
652.778658 -217.568775
655.690724 -227.830050
658.007861 -238.097789
659.989670 -248.530171
662.565940 -259.031311
664.745227 -269.043487
667.428804 -279.169238
669.586504 -289.450046
671.739107 -299.442632
673.949422 -309.338874
676.280541 -319.305062
678.390998 -329.053620
680.529114 -338.532475
682.622568 -348.100231
684.376155 -357.677484
686.655603 -366.854878
688.326562 -376.132013
690.661462 -385.255787
692.342643 -394.096696
694.232484 -402.854496
696.007142 -411.574499
697.642210 -420.109083
699.673424 -428.439067
701.148808 -436.640312
702.943764 -444.680716
704.577033 -452.501465
705.859986 -459.955735
707.580066 -467.379968
709.225788 -474.731830
710.603021 -481.854415
712.160245 -488.469105
713.451638 -495.175430
714.618483 -501.681690
716.142530 -507.849658
717.382965 -514.046229
718.655355 -519.719031
719.696592 -525.185344
720.779121 -530.374751
722.352013 -535.572204
723.210399 -540.554852
724.441240 -545.386802
725.565178 -549.292434
726.535864 -553.591292
727.625435 -557.343451
728.749327 -561.023992
729.441021 -564.476533
730.503933 -567.302693
731.334310 -570.569473
732.131791 -573.346907
733.166689 -575.601816
733.762790 -577.802587
734.587138 -579.272210
735.342335 -581.213445
736.327929 -582.337663
737.106907 -583.252782
737.761225 -584.377932
738.444698 -584.669992
739.057756 -585.265317
739.974536 -585.160300
740.394551 -584.888531
741.241007 -584.390041
741.651529 -583.613018
742.624098 -582.541569
742.989848 -581.702866
744.025836 -580.251440
743.969508 -578.468205
744.820615 -576.348553
744.903785 -574.179118
745.732057 -571.836695
745.990985 -569.232225
746.625239 -566.222551
747.123232 -562.989351
747.563823 -560.007610
748.096095 -555.972016
748.618261 -552.031605
749.272681 -548.551610
749.566988 -544.124576
750.008060 -539.383175
750.529006 -535.014024
751.390906 -530.312397
751.519022 -525.324546
752.222469 -519.952314
752.680550 -514.911261
753.187416 -509.242309
753.368671 -503.513733
754.003383 -497.421888
755.039912 -491.170364
755.201215 -485.302519
755.939223 -478.706050
756.332523 -472.374798
757.297433 -465.718825
757.477193 -458.901072
758.233980 -452.161686
758.721122 -445.151860
759.343206 -437.549044
760.138842 -430.589536
760.547190 -423.265076
761.522125 -415.849259
762.278060 -408.427958
762.732422 -400.334047
763.210450 -392.713794
763.990681 -385.131642
765.021123 -377.156489
765.375066 -369.672200
766.587977 -361.432255
767.387662 -353.479517
768.217347 -345.476978
769.167464 -337.318844
770.307172 -329.053863
771.073934 -321.210967
772.159616 -313.089467
773.152981 -305.155358
774.253764 -296.934261
775.121185 -288.917559
776.535707 -280.595401
777.661480 -272.447190
778.392276 -264.589151
779.951953 -256.510854
780.897468 -248.429090
782.289996 -240.602769
783.556379 -232.619955
784.539251 -224.624030
786.162612 -216.714636
787.502896 -209.423205
789.279570 -201.770437
790.467291 -193.865186
792.010183 -186.706034
793.620688 -179.075611
795.354152 -171.637612
797.222535 -164.747681
798.406293 -157.535732
800.262113 -150.231908
801.918558 -143.560070
803.447607 -136.949219
805.607264 -129.886862
807.140835 -123.262292
809.159501 -116.819858
810.708094 -110.765200
812.923623 -104.428316
815.018534 -98.591167
816.912646 -92.205091
819.053931 -86.641977
821.041770 -81.037421
823.447623 -75.662422
825.530784 -70.483725
827.643545 -65.041191
829.687623 -59.988775
831.981927 -55.405033
834.403043 -50.280883
836.806621 -45.873838
839.044297 -41.604416
841.407946 -37.462885
844.176412 -33.304344
846.771377 -29.411152
849.062271 -25.432797
851.568271 -22.257352
854.469318 -18.534010
856.592489 -15.317769
859.534013 -11.952299
862.196290 -9.351504
864.913431 -6.632983
867.722096 -4.060019
870.482005 -1.613610
873.253432 0.708417
876.272481 2.999184
879.070058 5.178801
882.180362 6.895294
885.081105 8.901683
888.178774 10.288448
890.775343 11.527466
893.885749 12.826408
897.342587 13.913026
900.465934 14.846367
903.601730 15.617032
906.628277 16.631088
909.924314 17.138033
913.334761 17.558287
916.198756 17.547670
919.776298 18.128850
922.600274 18.490167
926.248085 18.305238
929.153157 18.241943
932.599550 17.790881
936.191518 17.335559
939.479383 17.319220
943.077439 16.804355
945.851816 16.050389
949.575510 15.569003
953.131708 14.485970
956.366519 14.118888
960.090778 13.380205
963.254655 12.332484
967.033865 11.358558
970.358571 10.263357
973.612503 8.836957
977.366503 7.876590
980.709129 6.681471
984.153923 5.613159
987.563380 4.374177
991.260706 3.119015
994.621779 2.001785
998.525177 0.538648
1001.940887 -0.495445
1004.868689 -1.997971
1008.680826 -3.013352
1012.311615 -4.292742
1015.882583 -5.713084
1019.174669 -6.951712
1022.755383 -7.946515
1026.294695 -9.163141
1029.885961 -10.001621
1033.454869 -11.072151
1036.714638 -12.066980
1040.232280 -13.198824
1043.777397 -13.715631
1047.311958 -14.774638
1050.482831 -15.453214
1053.839037 -16.082913
1057.212035 -16.784647
1060.869539 -17.225610
1063.975039 -17.523144
1067.329792 -17.922753
1070.622070 -18.362159
1073.932595 -18.459522
1077.254846 -18.469247
1080.626548 -18.071815
1083.775659 -17.976616
1087.018641 -17.915199
1089.991551 -17.179433
1093.384259 -16.580026
1096.333949 -15.830056
1099.543802 -15.160069
1102.762835 -14.045668
1105.968073 -12.790508
1108.946951 -11.577277
1111.730422 -10.357486
1114.628625 -8.230899
1117.650509 -6.991565
1120.691913 -5.149225
1123.561737 -3.381989
1126.372247 -1.150969
1129.344298 1.269992
1132.069752 3.877012
1134.862591 6.614689
1137.636435 9.298163
1140.206625 12.312556
1143.021955 15.385762
1145.775374 18.570121
1148.367053 21.971593
1151.109955 25.764443
1153.518692 29.203769
1155.784038 33.199005
1158.378820 37.444422
1160.711453 41.792602
1163.240291 45.712288
1165.525480 50.182904
1167.804027 55.201878
1170.108015 60.104705
1172.385855 65.087763
1174.878188 70.534689
1176.651700 75.866503
1178.712146 81.030373
1181.278636 86.436628
1183.192653 92.347869
1185.103451 98.412841
1187.360274 104.360038
1189.038024 110.752177
1190.915370 116.842837
1192.811156 123.416346
1194.781770 129.821637
1196.373251 136.693208
1198.169472 143.415678
1199.908549 150.250808
1201.470502 157.441843
1203.068557 164.675605
1204.871021 171.534428
1206.449971 179.071554
1208.054695 186.631540
1209.382320 193.848622
1210.807676 201.385516
1212.212619 209.228941
1213.717972 216.836598
1214.961512 224.751612
1216.319460 232.392158
1217.660708 240.411315
1218.778474 248.526259
1220.288638 256.402136
1221.371876 264.505692
1222.506306 272.621729
1223.886844 280.586383
1224.801309 288.810358
1225.751293 296.627737
1226.975121 304.685717
1228.115871 313.175794
1228.855757 321.170933
1230.042744 329.126869
1230.531492 337.265726
1231.565457 345.265817
1232.501434 353.466778
1233.205042 361.678247
1233.942941 369.193020
1235.009414 377.249010
1235.794271 385.025284
1236.333373 392.795225
1237.121532 400.674211
1237.867509 408.336128
1238.723696 415.921095
1239.447951 423.336018
1240.087895 430.498151
1240.575772 437.556063
1241.285380 444.875841
1241.913207 452.087562
1242.247194 458.766983
1242.981204 465.625067
1243.629719 472.180089
1244.171171 478.611970
1244.389537 485.339909
1245.055916 491.365190
1245.569145 497.298586
1246.244015 503.347580
1246.966321 509.208732
1247.288790 514.814880
1247.999347 520.145371
1248.270651 525.436376
1249.093391 530.395098
1249.587962 535.255155
1249.942622 539.575834
1250.140837 544.153660
1250.550623 548.288003
1251.425866 552.282953
1251.872975 555.971662
1252.219638 559.901418
1252.830058 563.143176
1253.564943 566.420481
1253.694458 569.321155
1254.257692 571.786285
1254.884428 574.380212
1255.254029 576.479368
1256.053324 578.484948
1256.505415 580.222153
1257.004351 581.706583
1257.750792 582.539724
1258.359675 583.742234
1258.860215 584.319146
1259.508035 584.674602
1260.444463 584.928771
1260.755603 585.221432
1261.624487 584.853068
1262.465006 584.136446
1262.800948 583.490506
1263.818252 582.237454
1264.271125 581.136871
1265.331540 579.151451
1266.169177 577.290038
1266.810385 575.229120
1267.642018 572.907460
1268.525653 570.520233
1269.567547 567.630433
1270.619366 564.351438
1271.426780 561.107474
1272.657871 557.530910
1273.624584 553.669977
1274.620483 549.124399
1275.668221 545.055181
1276.648666 540.333958
1277.711997 535.626616
1279.068400 530.254868
1280.173623 525.078039
1281.229189 519.674136
1282.586289 513.743401
1283.817362 507.888975
1285.262171 501.468838
1286.502690 495.176236
1288.089402 488.406516
1289.536644 481.594342
1291.342755 474.528805
1292.320943 467.453702
1293.845990 460.110771
1295.829754 452.302776
1297.200229 444.474850
1298.825903 436.781346
1300.648681 428.272808
1302.472309 420.257826
1304.076675 411.498491
1305.814440 402.836372
1307.713284 394.116794
1309.184257 385.367925
1311.462456 376.317662
1313.365481 366.979323
1315.543342 357.678849
1317.447351 348.653212
1319.444865 338.633916
1321.834299 328.818821
1323.559876 318.955854
1325.975669 309.402227
1328.224087 299.156324
1330.518501 289.509858
1332.645137 279.232723
1335.090356 269.113902
1337.451558 258.667129
1339.732048 248.366423
1342.292391 238.299961
1344.658537 227.897823
1346.951444 217.582470
1349.661973 207.048087
1352.481746 196.471533
1355.111271 186.148079
1357.587637 175.752348
1360.082145 165.299354
1362.997850 154.915578
1365.708707 144.270886
1368.581983 133.903774
1371.167961 123.499585
1374.383413 113.166018
1376.943069 102.980523
1379.706593 92.296563
1382.924983 82.437935
1385.929094 72.134123
1388.872706 61.982768
1391.955650 51.948266
1394.955302 42.307295
1397.796040 32.352648
1401.285790 22.917662
1404.075497 13.087672
1407.273994 3.288969
1410.881134 -5.846722
1413.726725 -15.238196
1417.171808 -24.449092
1420.662526 -33.466666
1423.147372 -42.553336
1426.776881 -51.358883
1430.199783 -60.105873
1433.363940 -68.340572
1436.962873 -77.035125
1440.338642 -85.070986
1443.806181 -93.412556
1447.127552 -101.267765
1450.592525 -108.964408
1453.500524 -116.522222
1457.008114 -123.981733
1460.712976 -131.257428
1463.955237 -138.436068
1467.517841 -145.197953
1471.312816 -151.764287
1474.531548 -158.204885
1477.886892 -164.631642
1481.561487 -170.848381
1485.184213 -176.944296
1488.713341 -182.609661
1492.462762 -188.225655
1495.801342 -193.459219
1498.946015 -198.531833
1502.474478 -204.052803
1506.272227 -208.341425
1509.661052 -213.125820
1513.397194 -217.365565
1516.564078 -221.548912
1519.974254 -225.729435
1523.495893 -229.763420
1526.963367 -232.839196
1530.454328 -236.496091
1533.915605 -239.477503
1537.551458 -242.531200
1540.986808 -245.582823
1544.296890 -247.890194
1547.862719 -250.316045
1550.812413 -252.491649
1554.614410 -254.369647
1557.998939 -256.542284
1561.546123 -258.344642
1564.933093 -259.795037
1568.333408 -260.885090
1571.534147 -262.242118
1574.729041 -263.044447
1577.736692 -263.957756
1581.442906 -264.683634
1584.733180 -265.042312
1587.806814 -265.414653
1591.025060 -265.310994
1594.293268 -265.162469
1597.456841 -265.170646
1600.205754 -264.695132
1603.289085 -264.510729
1606.663765 -263.793452
1609.833445 -263.143933
1612.354396 -262.340777
1615.618930 -261.385721
1618.760477 -260.286145
1621.259289 -258.981936
1624.198254 -257.491937
1627.275780 -256.549414
1630.230606 -254.477666
1632.569567 -253.099023
1635.711797 -251.522100
1638.426765 -249.706470
1640.973977 -247.723589
1643.544309 -245.725022
1646.610424 -244.214324
1648.980320 -241.780530
1651.472285 -239.919997
1654.014971 -237.573199
1656.477826 -235.558592
1659.107605 -233.358739
1661.317860 -231.266573
1663.604729 -228.952890
1665.922176 -226.573941
1668.536013 -224.129756
1670.640442 -221.953050
1672.851448 -219.666047
1675.013509 -217.008753
1677.148924 -214.777343
1679.389823 -212.091185
1681.298020 -210.118594
1683.564587 -207.977562
1685.671053 -205.580209
1687.434586 -203.313806
1689.586494 -200.993200
1691.331912 -198.823650
1693.251332 -197.242909
1695.179017 -194.913614
1696.750263 -192.773629
1698.556438 -190.835390
1700.322013 -189.016347
1702.106429 -187.270046
1703.482854 -185.490722
1705.237376 -183.695792
1706.865917 -182.334849
1708.203222 -181.047778
1709.820440 -179.793606
1711.082828 -178.361093
1712.663937 -177.140473
1714.225611 -176.159496
1715.508176 -175.155813
1716.690929 -174.239419
1717.690278 -173.524104
1719.151984 -173.044698
1720.179314 -172.460621
1721.363242 -171.872981
1722.759829 -171.987855
1723.814475 -171.479295
1724.915519 -171.618710
1726.008670 -171.708627
1726.839022 -171.939631
1728.011472 -171.865263
1729.036325 -172.885627
1730.162183 -173.484241
1730.970760 -174.371088
1732.058788 -175.249638
1732.749152 -176.038148
1733.489836 -177.397969
1734.442204 -178.623166
1734.986227 -180.163706
1735.781016 -181.905705
1736.576984 -183.351777
1737.644284 -185.020433
1738.106807 -187.550661
1738.661116 -189.331781
1739.248614 -191.903103
1740.049721 -194.008678
1740.621167 -196.653094
1741.592851 -199.520473
1742.073366 -202.531546
1742.583901 -205.264484
1742.790574 -208.225490
1743.798853 -211.719136
1744.090399 -214.874142
1744.769036 -218.220957
1745.241299 -221.853251
1745.958958 -225.411263
1746.417216 -229.120020
1747.015301 -232.958687
1747.583608 -236.870999
1748.090507 -240.747604
1748.236921 -244.938139
1749.219274 -249.453739
1749.440899 -253.678464
1750.004559 -257.945328
1750.330674 -262.301990
1750.796037 -267.067825
1751.573340 -271.370354
1751.840908 -276.225715
1752.452515 -281.318708
1752.782577 -286.054018
1753.362297 -290.776438
1753.960462 -295.406418
1754.545589 -300.122584
1754.980060 -305.357639
1755.622430 -310.233144
1756.057415 -315.337590
1756.923714 -320.594353
1757.245338 -325.443427
1757.781556 -330.688513
1758.725768 -335.629405
1759.329823 -340.702747
1759.673138 -345.526401
1760.324297 -350.782385
1760.915573 -355.584427
1761.610209 -360.560150
1762.077138 -365.569418
1763.114147 -370.433275
1763.738286 -375.311946
1764.665493 -379.725785
1765.234985 -384.700109
1766.404151 -389.252764
1767.080136 -393.943282
1767.957295 -398.386127
1768.513666 -402.890270
1769.461453 -406.911950
1770.816164 -411.451488
1771.779663 -415.092751
1772.559582 -419.285367
1773.730115 -423.423709
1774.561753 -427.261658
1775.750108 -431.192274
1777.001007 -434.430907
1778.133368 -437.848980
1779.688760 -441.298542
1780.305617 -444.063212
1782.038424 -447.286972
1783.231119 -450.089839
1784.456291 -452.595303
1785.936243 -454.829001
1786.878367 -456.976314
1788.215409 -459.610213
1790.098825 -461.641595
1791.210497 -463.297404
1792.889417 -464.857801
1794.260627 -466.294471
1796.055410 -467.311913
1797.632975 -468.740626
1799.248848 -469.459037
1801.140370 -470.225225
1802.761694 -470.533139
1804.641217 -470.445451
1806.293585 -470.458651
1808.058154 -470.189026
1809.987063 -469.716890
1811.927009 -469.512723
1813.802833 -468.002491
1816.097391 -467.077584
1817.898205 -465.778458
1820.087242 -464.046332
1821.959243 -462.207621
1824.442323 -460.391186
1826.418380 -457.885854
1828.781455 -455.491381
1830.857853 -452.735606
1833.296362 -449.603718
1835.574209 -446.638852
1837.789075 -442.868828
1840.181533 -439.224661
1842.759112 -435.407673
1845.301901 -430.889606
1847.861707 -426.774859
1850.153363 -422.009789
1853.136004 -417.119437
1855.766293 -412.032113
1858.056188 -406.774081
1861.024649 -401.095335
1863.599720 -395.423484
1866.489389 -389.210251
1869.378703 -383.069761
1872.112842 -376.867577
1874.745318 -370.058659
1877.954772 -363.103590
1880.801231 -356.296137
1883.446229 -348.604197
1886.637973 -341.467221
1889.781847 -333.529789
1893.126622 -325.483463
1895.797662 -317.604213
1898.868959 -309.319788
1901.732768 -300.704675
1905.129600 -292.617462
1908.157418 -283.514690
1911.588110 -274.413564
1914.875423 -265.497648
1917.724619 -255.791289
1921.042938 -246.648269
1924.338222 -236.992617
1927.794084 -226.956626
1930.790250 -217.275831
1934.363838 -207.195647
1937.837572 -197.039515
1940.993109 -186.953519
1944.189618 -176.457448
1947.863608 -165.770552
1951.216895 -154.965544
1954.687301 -144.696516
1958.193275 -133.990592
1961.616225 -123.293224
1965.145381 -112.036423
1968.544083 -101.016904
1971.798489 -90.106239
1975.709163 -78.772987
1978.875909 -67.610994
1982.523665 -56.166096
1986.130834 -45.147759
1989.402492 -33.664051
1992.963089 -22.763333
1996.305646 -11.449245
1999.945387 0.114810
